8 43338433 1 58456316 3143 4497 76 448363 632534316 9
263 616333 73 1 57286322 3143 374865 563 7335865 9
8 494595 76 343385 3143 15 6973 163 613 59 016 86 3126 9
563 71583816 079933 1 415585 975 94 682 615 163 1 3143 4497 682 293343 9
8 36796 0916865 3143 51732 9883 09834 163 591387138 2856 76 4483632 9
63 7233 1 3143 59 234103 944 563 833 4497 682 314 2863268393 9
8 77 59865 59 563 3143 59 7335 1 448363 494 97636 9
263 367962 25736865 15 563 3916 3143 6314 634 69723 9
63 9433433 1 3100733869 15 563 543636 3143 39265926 9
23 613 1 3398565479 145346996 15 563 36147865 3143 56 563 48434 9
5636 3338333 59 6143 1 57286322 7335865 15 563 3143 149763 563 394634 9
8 6143 1 0916479 315 5615 99432 3612865 14534 596 7833 9
263 3733933 70 96 563 39736 2856 634 497446 315 163 2153633 1 79483 9
63 2983 70 59 563 29763 94 682 315 7392865 494 543184125 9
5636 49763 1 25416 315 86 56384 51386143 163 3338333 59 13905 85 9
563 3748972 315 32099433 34346 6998 163 341666 94 563 69723 9
8 9943 59 315 08111 2856 32541 363323 163 59008652 9
263 3338333 59 315 1 6319566 21913 494 97636 8625313 94 4125 4993 9
63 367962 315865 20836 4993 5615 5865932 682 51253 5732 9
5636 2365 59 1 41636 4325174165 59 315 1 5974735 7319 9
