8 77 56489933 59 6314 15975 6974 1333051633 8659 563 0495417 9
263 72 31534 59 6314 563 9753973 94 563 39703585896 9
316 697 6314 563 58432 36840865 86 563 7946865 0
23 2343 943479633 59 6314 15975 6974 3651537365 9
8 77 3238533 59 6314 15975 6974 915325 134365743 9
63 72 1628972 59 6314 563 4327952 94 563 3217 9
383 697 6314 563 6322 15975 563 632 0493735 4393123 0
8 77 29446 59 6314 15975 563 9922 94 6974 035 9
23 743 31534 59 6314 6974 43335138 96 563 0497335 9
8 77 6343 59 982536 163 6314 6974 03420335843 96 563 82273 9
8 77 56489933 59 6314 15975 6974 632 795 90094576856 9
263 72 31534 59 6314 6974 541439 2594832 9
316 697 6314 563 2863 6929865 9752833 0
23 2343 43983433 59 6314 5615 34346963 82 2143 9
8 77 54153479 59 6314 6974 29432 94 3639741537365 9
63 72 3238533 59 6314 15975 563 27404823 01456 9
383 697 6314 563 29763 94 91756534 86 563 38251633 0
8 77 29446 59 6314 15975 563 316339915896 94 6974 09162 9
23 743 8653432533 59 6314 6974 9086896 96 563 715534 9
8 77 6343 59 9363 16 314 163 6314 6974 39633462 9
8 77 9998865 4942143 59 6314 6974 043236515896 9
263 72 192162 2899865 59 6314 384434365 034203358432 9
316 697 6314 563 29763 94 563 4186 4199865 0
23 2343 339856533 59 6314 6974 49833 96 563 06963 9
8 77 3238533 59 6314 15975 6974 70397865 5480 9
63 72 31534 59 6314 563 48619 33382896 9
383 697 6314 563 10091723 14534 563 03449471633 0
8 77 29446 59 6314 15975 6974 13383365 9
23 743 1628972 59 6314 563 9753973 94 563 7335865 9
8 77 6343 59 2700945 163 6314 697 975 9
8 77 3748972 59 6314 2615 263 612 59 216 9
383 697 6314 563 39945399 4865865 0
23 39793 6314 563 21432 34126865 96 563 26943 9
63 72 192162 43136 59 6314 1 5993 7983 9
8 77 690865 59 6314 5993 6322 2996 9
263 72 31534 59 6314 6974 43335138 9
316 697 6314 563 77283 0916865 86 563 5138549763 0
23 2343 56489933 59 6314 15975 6974 2733322 9
8 77 6343 59 982536 84 697 6333 2973963 59 6314 697 975 9
383 697 6314 563 91756534 397865 4497 563 95634 4997 0
8 77 3238533 59 6314 6974 162234 9
263 192162 98832 59 6314 563 4186 9
316 697 6314 563 58432 2865865 0
63 72 31534 59 6314 6974 9086896 9
8 77 5913 59 6314 5615 697 743 397865 9
23 73 9943 59 6314 6974 56975652 9
383 697 6314 563 166976337365 0
8 77 29446 59 6314 15975 6974 9922 9
935 73 8692 84 697 6314 16656865 632 9
23 743 2185865 59 6314 563 4327952 9
8 77 59865 59 25145 76 71253472 335433 6325 6314 9
263 72 5336 54186865 494 1 71415696 494 1 6314 163 82 4861996 43136 59 476 9
5636 743 09166865 1 417896 4376896 494 6325 6314 9
23 743 690865 59 541439 59 374903 6325 6314 9
63 72 5336 25736865 443636 494 1 6314 163 316 692 6993 3964342158962 86 563 91657153 9
8 77 9998865 4942143 59 33935415865 76 58456316 6325 6314 9
263 72 5336 2948865 96 1 43231436 0497335 494 1 6314 163 2899 0432365 634 48638652 2996 9
5636 743 9451681865 1 3614856 5191 494 6325 6314 9
23 743 3238533 15975 563 70397865 6314 163 563 9009457685832 85 69932 9
63 72 5336 0413583865 78634796322 494 1 6314 163 612 32034836333 28568483165 03429619 549256 9
8 77 690865 59 541439 59 71016 6325 6314 9
263 72 5336 2948865 96 634 145 094549989 494 1 6314 59 10096 59 145 236999 9
5636 743 9451681865 1 77283 43258419 494 6325 6314 9
23 743 09166865 1 688865 3203385896 86 563 797651862 6325 6314 9
63 72 5336 93146865 692 59 3998 494 1 6314 163 316 692 0430143 339838972 73192 9
8 77 25145865 1 632 795 09285896 6325 6314 9
263 72 5336 0413583865 6951 494 1 6314 163 612 6958333 1 09285843 870135 96 634 631956 9
5636 743 13905865 1 035 395 91534 5682 6314 9
23 743 9998865 4942143 59 155363865 1 3964343633 96 18 134163373652 6325 6314 9
63 72 5336 214865 79636 494 1 6314 59 576 1 632 69723 9
8 77 59865 59 54137153 6325 6314 9
263 72 5336 2948865 96 634 563282 494 1 6314 692 9
5636 743 4369415865 56384 69723 5682 6314 9
23 743 9451681865 1 3614856 34365 86 563 397865 6314 9
63 72 5336 0413583865 7338515896 494 1 6314 163 85 612 5431596 639033 687 9
8 77 09166865 59 25145 1 57286322 4365743 6325 6314 9
263 72 5336 518865 08169 9322962 494 1 6314 163 316 692 0916 2973 531758479 73993832 9
5636 743 59865 96 1 51380138865 5480 134922 374903 6325 6314 9
23 743 3238533 15975 563 632 9009457685832 5615 563 632 6314 2899 54865 9
63 72 5336 2485865 1 69439 494 1 6314 163 69032 59 535 85 075982633 2996 9
8 77 59865 59 5183 1 510 6314 534943 25145865 7684342856 9
263 72 5336 214865 70 494 1 6314 59 576 1 632 314 9
5636 743 5355865 7144833 91534 5682 6314 9
23 743 09166865 1 417896 41315896 6325 6314 9
63 72 5336 93146865 2016826 494 1 6314 163 316 6993 51283 3964342158962 9
8 77 25145865 76 8653462680 6325 6314 9
263 72 5336 499765334865 15 563 99319 2639534 494 1 6314 9
5636 743 9036865 1 632 4325174165 31496 6325 6314 9
23 743 320335865 1 5156 91534 5682 6314 9
63 72 5336 54186865 494 1 71415696 494 1 6314 163 4861996 397093533 85 9
8 77 09166865 76 5480 6325 6314 9
263 72 25145865 3999353 5682 6314 9
5636 743 33935415865 56384 16684342146 5682 6314 9
23 743 320335865 1 995 94 3616532 5682 6314 9
63 72 5336 2948865 96 5682 0497335 199 6314 9
8 77 9998865 4942143 59 563 632 6314 9
263 72 5336 25736865 154913 494 1 6314 9
5636 743 6925865 1 01456 91534 5682 6314 9
23 743 690865 494 1 2733322479 6314 16313 9
63 72 5336 0413583865 578514 494 1 6314 692 9
8 77 26900865 494 549334832 6314 563 27034714835 9
93572 5415 1 370 94 394433 6314 563 394634 3143 9
56343 82 1 0916549763 6314 563 43283365819 638565946993 9
8 77 155363865 1 7335865 6314 563 944833 57893865 9
563 9854146 82 6314 563 7684342856 317072 9
8 77 2198865 76 395 6314 563 0148 9
56343 82 1 06147136 6314 563 69208519 9
8 77 59865 494 1 476 6314 563 7955865 54189 9
563 4325174165 82 6314 563 79483 5631534 9
8 77 7335865 76 448363 6314 563 54186 2515896 9
8 77 320994865 563 541892 6314 563 494325 9
93572 6143 1 083683 6314 563 484345168 9
56343 82 1 599825943 6314 563 3143 9
8 77 36796865 563 276235 6314 563 53136 9
563 567 82 6314 76 101457365 3970932 9
8 77 59865 494 1 2287 6314 563 0999 9
56343 82 1 41473472 714835 6314 563 3856 336534 9
8 77 7335865 76 4483632 6314 563 833 34317 2690 9
93572 59 494 1 5883 4833 6314 563 3639865 54189 9
563 3963345 43673 82 6314 563 39265926 217143 9
8 77 2516865 15 1 69539 6314 563 3964365896 336534 9
93572 5415 1 5853 59 315 6314 563 5631534 9
56343 82 1 0148 6314 563 638565946993 26343 8 9843 9
8 77 59865 494 1 795 6314 563 9183 9
563 572 2590 82 6314 563 54186 2515896 9
93572 7335 70 6314 563 49765186 86 563 0148 9
8 77 155363865 1 3964343633 6314 563 39265926 1431 9
56343 82 1 518346 6314 76 294809133 9
8 77 518865 76 395 494 1 2198 6314 563 395 0148 9
563 772377 82 6314 563 6825948319 91637148 9
563 54186 2515896 82 6314 76 944833 9
93572 6143 97636 6314 563 48434 9
8 77 59865 59 1 3963345 6314 563 2513877 9
56343 82 1 0916549763 6314 563 43283365819 1431 9
563 06147136 82 6314 563 69208519 9
8 77 7335865 76 448363 6314 563 394433 2690 9
93572 59 688865 6314 563 797651862 9
56343 82 1 5493346 25943 6314 76 101457365 9
8 77 25736865 15 1 9854146 6314 563 7684342856 9
563 79483 5631534 82 6314 563 26900865 336534 9
8 77 59865 494 1 2198 6314 563 0148 9
56343 82 1 2690 6314 563 2515896 9
563 315 82 29330865 6314 563 484309133 9
8 77 9998865 494 1 5998 6314 563 9854146 9
93572 7335 6314 563 3143 9
563 572 2590 82 6314 563 27034714835 9
8 77 518865 1 41315896 6314 563 53136 9
56343 82 1 0148 6314 563 236999 9
563 69539 82 6314 563 1840945 9
8 77 59865 26900865 6314 563 7199 9
